58,1,1630.99,867.04,813.50,530.92,1,-1,-1,-1
59,1,1326.86,846.43,815.62,523.65,1,-1,-1,-1
60,1,1212.26,838.07,806.48,517.79,1,-1,-1,-1
62,2,1328.87,271.47,39.35,35.22,1,-1,-1,-1
62,3,-105.13,700.06,1330.62,517.86,1,-1,-1,-1
63,2,1328.11,271.29,39.32,35.02,1,-1,-1,-1
63,3,-222.46,676.91,1445.35,569.54,1,-1,-1,-1
64,2,1327.53,271.19,39.40,34.87,1,-1,-1,-1
64,3,-339.23,665.89,1399.14,565.73,1,-1,-1,-1
65,2,1327.43,271.35,39.35,34.55,1,-1,-1,-1
65,3,-458.43,651.47,1453.21,587.59,1,-1,-1,-1
66,2,1327.57,271.68,39.07,34.01,1,-1,-1,-1
67,2,1327.45,271.98,39.26,33.89,1,-1,-1,-1
68,2,1327.18,272.25,39.82,34.03,1,-1,-1,-1
69,2,1326.51,271.87,40.83,34.51,1,-1,-1,-1
70,2,1326.28,271.88,41.51,34.71,1,-1,-1,-1
71,2,1324.96,271.13,42.74,35.35,1,-1,-1,-1
72,2,1324.54,270.89,43.08,35.27,1,-1,-1,-1
73,2,1323.52,269.96,44.11,35.72,1,-1,-1,-1
74,2,1322.73,269.80,45.36,36.29,1,-1,-1,-1
74,4,1813.62,1002.27,525.53,419.73,1,-1,-1,-1
75,2,1320.96,269.33,47.57,37.56,1,-1,-1,-1
75,4,1610.14,978.79,556.40,429.33,1,-1,-1,-1
76,2,1319.36,269.09,49.04,38.22,1,-1,-1,-1
76,4,1119.74,932.33,593.22,437.15,1,-1,-1,-1
77,2,1317.01,268.71,51.22,39.34,1,-1,-1,-1
77,4,955.72,926.60,611.40,426.28,1,-1,-1,-1
78,2,1314.05,268.35,54.43,41.19,1,-1,-1,-1
78,4,498.78,891.85,622.89,419.70,1,-1,-1,-1
79,2,1311.89,268.37,56.63,42.18,1,-1,-1,-1
79,4,204.40,828.36,611.36,396.42,1,-1,-1,-1
80,2,1311.07,268.09,57.05,42.03,1,-1,-1,-1
80,4,79.97,786.35,666.05,420.10,1,-1,-1,-1
81,2,1300.45,264.26,52.27,37.40,1,-1,-1,-1
81,4,-58.41,761.47,674.45,430.33,1,-1,-1,-1
82,2,1295.24,262.05,52.76,36.83,1,-1,-1,-1
82,4,-342.62,669.77,929.00,629.28,1,-1,-1,-1
83,2,1292.13,261.19,53.93,36.75,1,-1,-1,-1
83,4,-569.61,632.89,968.05,655.72,1,-1,-1,-1
84,2,1289.94,261.46,53.60,35.63,1,-1,-1,-1
85,2,1288.33,262.24,52.28,33.94,1,-1,-1,-1
86,2,1285.81,263.55,50.19,32.01,1,-1,-1,-1
87,2,1283.13,264.24,50.02,31.57,1,-1,-1,-1
88,2,1280.21,264.70,50.64,31.80,1,-1,-1,-1
89,2,1277.59,264.66,51.23,32.00,1,-1,-1,-1
90,2,1274.55,265.01,51.43,32.04,1,-1,-1,-1
91,2,1270.49,264.85,52.62,32.67,1,-1,-1,-1
92,2,1266.74,264.18,54.72,33.86,1,-1,-1,-1
93,2,1264.55,263.42,56.50,34.71,1,-1,-1,-1
94,2,1263.75,263.00,56.77,34.64,1,-1,-1,-1
95,2,1265.62,264.02,53.94,32.82,1,-1,-1,-1
95,6,1825.31,1003.32,508.93,406.38,1,-1,-1,-1
96,2,1263.73,263.95,53.69,32.67,1,-1,-1,-1
96,6,1785.04,982.50,536.63,414.44,1,-1,-1,-1
97,6,1758.49,981.73,525.99,406.22,1,-1,-1,-1
99,7,105.43,879.46,1260.11,426.01,1,-1,-1,-1
100,7,-95.82,805.40,1229.37,420.19,1,-1,-1,-1
101,7,-184.67,769.02,1285.04,445.59,1,-1,-1,-1
102,7,-296.58,745.74,1246.46,445.20,1,-1,-1,-1
103,7,-605.99,685.19,1556.65,584.63,1,-1,-1,-1
104,7,-773.72,648.40,1637.31,614.92,1,-1,-1,-1
138,9,1261.99,904.25,909.31,456.20,1,-1,-1,-1
139,9,886.06,871.99,918.79,454.51,1,-1,-1,-1
140,9,359.67,793.17,904.98,443.70,1,-1,-1,-1
141,9,30.47,752.50,939.39,461.02,1,-1,-1,-1
142,9,-93.45,731.87,999.30,492.39,1,-1,-1,-1
143,9,-238.95,708.10,1004.99,509.65,1,-1,-1,-1
144,9,-483.97,677.87,1020.10,517.31,1,-1,-1,-1
153,11,1272.30,280.92,46.91,40.28,1,-1,-1,-1
154,11,1271.57,281.38,46.93,40.19,1,-1,-1,-1
155,11,1271.89,283.14,45.65,38.92,1,-1,-1,-1
156,11,1272.08,284.35,45.60,38.66,1,-1,-1,-1
157,11,1271.67,284.87,47.23,39.90,1,-1,-1,-1
158,11,1272.46,284.45,48.99,41.35,1,-1,-1,-1
159,11,1274.46,283.99,49.82,42.09,1,-1,-1,-1
160,11,1276.17,283.52,50.75,42.97,1,-1,-1,-1
161,11,1275.69,282.69,53.26,45.18,1,-1,-1,-1
162,11,1274.52,281.98,55.60,47.32,1,-1,-1,-1
163,11,1274.77,282.49,54.91,46.69,1,-1,-1,-1
164,11,1275.45,284.24,53.46,45.22,1,-1,-1,-1
165,11,1275.25,285.61,54.50,45.66,1,-1,-1,-1
166,11,1273.74,285.66,58.59,48.71,1,-1,-1,-1
167,11,1272.59,285.26,61.91,51.12,1,-1,-1,-1
168,11,1274.16,286.04,59.89,49.10,1,-1,-1,-1
169,11,1277.49,287.68,56.05,45.60,1,-1,-1,-1
170,11,1280.28,288.67,54.25,43.92,1,-1,-1,-1
171,11,1280.55,288.11,57.75,46.78,1,-1,-1,-1
172,11,1278.60,286.69,63.45,51.55,1,-1,-1,-1
173,11,1279.07,294.77,61.85,50.27,1,-1,-1,-1
174,11,1280.30,298.55,61.51,50.02,1,-1,-1,-1
175,11,1281.80,300.24,61.30,49.90,1,-1,-1,-1
176,11,1283.61,301.49,60.83,49.49,1,-1,-1,-1
177,11,1284.93,302.37,60.46,49.17,1,-1,-1,-1
178,11,1286.47,303.13,59.69,48.57,1,-1,-1,-1
179,11,1286.58,303.54,59.01,48.02,1,-1,-1,-1
180,11,1286.65,303.26,59.57,48.37,1,-1,-1,-1
181,11,1284.76,303.03,62.32,50.24,1,-1,-1,-1
182,11,1283.78,303.50,66.46,53.16,1,-1,-1,-1
183,11,1281.91,304.61,70.02,55.73,1,-1,-1,-1
184,11,1297.46,305.99,68.69,54.79,1,-1,-1,-1
185,11,1303.14,306.05,70.70,56.59,1,-1,-1,-1
186,11,1303.93,306.71,73.18,58.86,1,-1,-1,-1
187,11,1305.04,308.49,71.71,57.58,1,-1,-1,-1
188,11,1305.60,309.14,71.83,57.48,1,-1,-1,-1
189,11,1305.27,308.79,73.91,58.86,1,-1,-1,-1
190,11,1304.15,307.96,76.52,60.90,1,-1,-1,-1
191,11,1304.02,308.37,76.98,61.23,1,-1,-1,-1
192,11,1304.43,309.49,77.02,61.32,1,-1,-1,-1
193,11,1305.36,311.38,76.68,60.91,1,-1,-1,-1
194,11,1305.96,313.02,76.87,61.09,1,-1,-1,-1
195,11,1306.66,314.55,76.81,61.26,1,-1,-1,-1
196,11,1308.30,316.15,76.56,61.60,1,-1,-1,-1
197,11,1310.53,318.47,74.99,60.88,1,-1,-1,-1
198,11,1312.73,320.66,73.16,59.93,1,-1,-1,-1
199,11,1313.85,322.82,72.27,59.69,1,-1,-1,-1
200,11,1314.92,325.12,71.54,59.43,1,-1,-1,-1
201,11,1316.76,327.24,70.69,58.98,1,-1,-1,-1
202,11,1318.73,328.66,70.68,59.18,1,-1,-1,-1
202,12,261.53,880.43,808.35,904.84,1,-1,-1,-1
203,11,1320.69,328.78,71.63,60.33,1,-1,-1,-1
203,12,315.68,903.13,804.68,880.22,1,-1,-1,-1
204,11,1321.34,327.64,74.14,63.10,1,-1,-1,-1
204,12,687.91,888.43,946.32,968.69,1,-1,-1,-1
205,11,1322.12,326.83,75.13,64.78,1,-1,-1,-1
205,12,1240.16,1013.74,889.12,880.64,1,-1,-1,-1
206,11,1321.71,325.78,77.23,67.65,1,-1,-1,-1
206,12,1440.16,1058.35,889.99,852.84,1,-1,-1,-1
207,11,1324.70,335.48,78.83,68.95,1,-1,-1,-1
207,12,1689.36,1093.51,877.12,840.51,1,-1,-1,-1
208,11,1325.53,339.62,81.24,70.88,1,-1,-1,-1
209,11,1325.99,342.80,82.01,71.42,1,-1,-1,-1
210,11,1326.09,344.58,83.52,72.66,1,-1,-1,-1
211,11,1326.60,346.47,84.03,73.03,1,-1,-1,-1
212,11,1326.82,348.08,85.61,74.20,1,-1,-1,-1
213,11,1326.66,349.80,88.65,76.57,1,-1,-1,-1
214,11,1325.99,351.05,92.85,79.96,1,-1,-1,-1
215,11,1325.62,352.60,96.29,82.66,1,-1,-1,-1
216,11,1324.94,353.22,99.40,85.30,1,-1,-1,-1
217,11,1323.42,353.46,103.70,89.22,1,-1,-1,-1
218,11,1321.97,353.68,107.19,92.56,1,-1,-1,-1
219,11,1325.91,356.51,108.83,94.17,1,-1,-1,-1
220,11,1328.52,359.54,108.15,93.22,1,-1,-1,-1
221,11,1327.38,359.70,112.36,97.15,1,-1,-1,-1
222,11,1327.77,361.70,114.42,99.07,1,-1,-1,-1
223,11,1328.10,363.30,116.13,100.88,1,-1,-1,-1
224,11,1328.66,363.94,117.82,102.73,1,-1,-1,-1
225,11,1327.99,369.30,120.58,105.12,1,-1,-1,-1
226,11,1328.44,371.93,123.14,107.29,1,-1,-1,-1
227,11,1328.62,374.07,126.43,110.30,1,-1,-1,-1
228,11,1329.45,377.04,128.99,112.85,1,-1,-1,-1
229,11,1331.79,381.20,128.98,113.14,1,-1,-1,-1
230,11,1334.57,383.82,129.03,113.62,1,-1,-1,-1
231,11,1336.51,385.63,130.30,115.32,1,-1,-1,-1
232,11,1337.76,388.05,132.25,117.60,1,-1,-1,-1
233,11,1338.88,391.30,135.52,121.22,1,-1,-1,-1
234,11,1341.46,395.68,136.67,122.55,1,-1,-1,-1
235,11,1343.36,396.09,141.61,127.77,1,-1,-1,-1
236,11,1346.31,397.75,142.21,128.69,1,-1,-1,-1
237,11,1349.06,403.79,144.65,131.80,1,-1,-1,-1
238,11,1350.66,406.89,146.45,134.16,1,-1,-1,-1
239,11,1357.08,412.43,147.33,135.53,1,-1,-1,-1
240,11,1360.83,417.22,147.43,135.82,1,-1,-1,-1
241,11,1363.13,420.02,149.52,138.03,1,-1,-1,-1
242,11,1364.97,423.71,153.16,141.54,1,-1,-1,-1
243,11,1367.45,427.26,157.75,146.10,1,-1,-1,-1
244,11,1369.57,429.65,163.81,152.18,1,-1,-1,-1
245,11,1374.46,431.87,165.40,153.74,1,-1,-1,-1
246,11,1380.91,442.85,168.89,157.79,1,-1,-1,-1
247,11,1384.62,448.09,171.13,160.39,1,-1,-1,-1
248,11,1386.05,450.14,173.96,163.24,1,-1,-1,-1
249,11,1384.13,450.28,181.52,170.92,1,-1,-1,-1
250,11,1383.45,447.94,197.63,186.50,1,-1,-1,-1
251,11,1385.24,450.22,205.94,194.91,1,-1,-1,-1
252,11,1389.21,453.41,210.92,200.24,1,-1,-1,-1
253,11,1392.97,455.39,215.08,205.04,1,-1,-1,-1
254,11,1402.20,468.97,209.19,199.09,1,-1,-1,-1
255,11,1409.29,474.75,208.01,197.73,1,-1,-1,-1
256,11,1412.82,476.28,212.72,202.50,1,-1,-1,-1
257,11,1414.44,473.67,228.44,219.25,1,-1,-1,-1
258,11,1415.47,474.57,236.84,229.13,1,-1,-1,-1
259,11,1420.75,480.82,237.75,230.75,1,-1,-1,-1
260,11,1420.97,486.30,246.09,238.41,1,-1,-1,-1
261,11,1423.93,491.38,252.45,243.97,1,-1,-1,-1
262,11,1426.97,495.19,258.31,248.77,1,-1,-1,-1
263,11,1430.38,499.62,262.90,252.38,1,-1,-1,-1
264,11,1433.30,504.37,266.13,254.60,1,-1,-1,-1
265,11,1435.20,508.62,269.38,256.74,1,-1,-1,-1
266,11,1446.09,514.32,266.39,254.06,1,-1,-1,-1
267,11,1450.69,518.86,267.14,254.73,1,-1,-1,-1
268,11,1451.74,520.89,272.60,260.45,1,-1,-1,-1
269,11,1451.37,521.37,279.31,267.73,1,-1,-1,-1
270,11,1452.16,519.58,286.66,276.00,1,-1,-1,-1
271,11,1456.91,534.31,285.89,275.79,1,-1,-1,-1
272,11,1459.59,540.89,288.37,278.83,1,-1,-1,-1
273,11,1459.43,543.81,293.83,284.80,1,-1,-1,-1
274,11,1462.10,548.75,296.11,287.43,1,-1,-1,-1
275,11,1465.75,553.27,299.09,290.24,1,-1,-1,-1
276,11,1469.77,556.60,301.40,292.01,1,-1,-1,-1
277,11,1473.05,560.59,303.17,293.23,1,-1,-1,-1
278,11,1475.34,563.66,305.72,295.61,1,-1,-1,-1
279,11,1476.35,565.86,310.35,300.41,1,-1,-1,-1
280,11,1475.41,564.79,317.39,308.04,1,-1,-1,-1
281,11,1475.03,563.74,322.55,314.50,1,-1,-1,-1
282,11,1475.93,565.03,323.01,316.50,1,-1,-1,-1
283,11,1477.47,567.92,320.38,315.58,1,-1,-1,-1
284,11,1479.70,571.36,316.97,313.67,1,-1,-1,-1
285,11,1482.06,572.94,315.35,313.24,1,-1,-1,-1
286,11,1484.40,575.06,314.05,312.61,1,-1,-1,-1
287,11,1485.49,577.06,313.76,312.91,1,-1,-1,-1
288,11,1485.58,577.95,315.95,316.22,1,-1,-1,-1
289,11,1485.95,577.76,318.58,320.29,1,-1,-1,-1
290,11,1486.25,577.25,320.98,324.42,1,-1,-1,-1
291,11,1486.77,577.57,321.54,326.76,1,-1,-1,-1
292,11,1487.14,577.76,321.70,328.61,1,-1,-1,-1
293,11,1487.18,577.52,322.47,330.80,1,-1,-1,-1
294,11,1487.53,577.42,322.32,331.48,1,-1,-1,-1
294,14,208.79,900.03,910.91,998.55,1,-1,-1,-1
295,11,1487.93,577.79,321.88,331.68,1,-1,-1,-1
295,14,895.30,1049.12,804.05,847.82,1,-1,-1,-1
296,11,1488.49,578.60,320.83,331.32,1,-1,-1,-1
296,14,1268.43,1109.93,781.62,784.87,1,-1,-1,-1
297,11,1488.85,579.73,319.41,330.79,1,-1,-1,-1
297,14,1352.64,1129.43,807.89,769.78,1,-1,-1,-1
298,11,1489.11,580.72,317.72,330.05,1,-1,-1,-1
298,14,1618.10,1176.16,758.94,723.14,1,-1,-1,-1
299,11,1489.41,580.99,316.05,329.30,1,-1,-1,-1
300,11,1490.01,580.91,314.45,328.44,1,-1,-1,-1
301,11,1490.69,581.10,313.08,327.66,1,-1,-1,-1
302,11,1490.59,580.99,313.15,328.48,1,-1,-1,-1
303,11,1490.66,581.28,312.59,328.78,1,-1,-1,-1
304,11,1492.19,581.68,309.73,326.48,1,-1,-1,-1
305,11,1493.84,581.89,306.10,322.91,1,-1,-1,-1
305,15,1440.58,947.63,918.33,444.11,1,-1,-1,-1
306,11,1493.96,581.15,305.42,322.21,1,-1,-1,-1
306,15,982.97,909.84,899.79,430.88,1,-1,-1,-1
307,11,1492.05,579.53,308.57,325.77,1,-1,-1,-1
307,15,528.75,873.65,927.31,439.89,1,-1,-1,-1
308,11,1491.00,578.94,310.96,328.67,1,-1,-1,-1
308,15,232.25,809.30,896.18,420.47,1,-1,-1,-1
309,11,1491.29,579.31,311.06,329.19,1,-1,-1,-1
309,15,14.09,783.71,913.23,428.56,1,-1,-1,-1
310,11,1492.36,580.57,309.26,327.58,1,-1,-1,-1
310,15,-74.94,754.68,946.93,444.94,1,-1,-1,-1
311,11,1493.34,581.76,307.46,326.01,1,-1,-1,-1
311,15,-197.30,738.82,926.52,447.85,1,-1,-1,-1
312,11,1494.09,582.61,306.20,325.08,1,-1,-1,-1
312,15,-415.74,710.29,927.81,448.47,1,-1,-1,-1
313,11,1494.56,582.88,305.45,324.67,1,-1,-1,-1
314,11,1494.57,582.38,305.29,324.79,1,-1,-1,-1
315,11,1494.30,581.66,305.33,325.04,1,-1,-1,-1
316,11,1493.99,581.22,305.24,324.98,1,-1,-1,-1
317,11,1494.43,581.61,303.99,323.37,1,-1,-1,-1
318,11,1494.68,581.90,303.77,322.67,1,-1,-1,-1
319,11,1493.92,581.89,304.72,323.44,1,-1,-1,-1
320,11,1492.39,580.96,307.50,326.57,1,-1,-1,-1
321,11,1490.69,579.98,311.06,330.80,1,-1,-1,-1
322,11,1490.20,579.56,313.55,333.77,1,-1,-1,-1
323,11,1489.95,580.54,314.83,335.28,1,-1,-1,-1
324,11,1489.63,581.70,316.16,336.78,1,-1,-1,-1
325,11,1490.28,584.05,315.67,335.93,1,-1,-1,-1
326,11,1492.83,587.06,312.96,332.42,1,-1,-1,-1
326,17,1789.38,934.93,551.50,469.62,1,-1,-1,-1
327,11,1497.93,590.83,302.78,319.12,1,-1,-1,-1
327,17,1601.61,915.31,575.60,473.03,1,-1,-1,-1
328,11,1495.92,589.90,305.62,320.08,1,-1,-1,-1
328,17,1144.91,882.80,587.88,466.27,1,-1,-1,-1
329,11,1489.49,586.25,315.65,329.12,1,-1,-1,-1
329,17,982.37,877.28,605.42,452.69,1,-1,-1,-1
330,11,1480.96,593.45,331.43,347.64,1,-1,-1,-1
330,17,803.71,865.50,592.99,443.39,1,-1,-1,-1
331,11,1477.86,597.17,336.91,355.88,1,-1,-1,-1
331,18,-76.08,758.95,1212.52,475.81,1,-1,-1,-1
332,11,1476.68,599.96,338.89,360.30,1,-1,-1,-1
332,18,-150.51,738.74,1244.82,493.72,1,-1,-1,-1
333,11,1472.02,602.11,343.19,367.07,1,-1,-1,-1
333,18,-254.79,721.37,1200.60,487.55,1,-1,-1,-1
334,11,1465.64,604.12,347.42,373.34,1,-1,-1,-1
334,18,-629.67,584.39,1640.88,697.28,1,-1,-1,-1
335,11,1456.67,607.11,352.90,380.45,1,-1,-1,-1
335,18,-786.37,547.94,1766.00,750.45,1,-1,-1,-1
336,11,1445.88,608.68,359.30,387.72,1,-1,-1,-1
337,11,1433.97,611.15,366.94,395.73,1,-1,-1,-1
338,11,1420.68,612.84,375.22,404.01,1,-1,-1,-1
339,11,1405.58,614.75,386.46,415.65,1,-1,-1,-1
340,11,1383.14,624.67,393.26,417.68,1,-1,-1,-1
341,11,1363.21,629.31,406.92,427.67,1,-1,-1,-1
342,11,1343.91,634.79,415.39,431.29,1,-1,-1,-1
343,11,1315.12,648.53,425.90,434.33,1,-1,-1,-1
344,11,1303.43,664.17,427.87,426.32,1,-1,-1,-1
345,11,1277.83,670.06,441.30,427.87,1,-1,-1,-1
346,11,1245.81,673.52,458.47,430.98,1,-1,-1,-1
347,11,1209.20,678.87,476.37,433.01,1,-1,-1,-1
348,11,1169.00,683.41,501.34,440.43,1,-1,-1,-1
349,11,1104.95,688.47,531.35,447.15,1,-1,-1,-1
350,11,1045.39,685.95,572.80,462.94,1,-1,-1,-1
351,11,986.35,686.37,609.97,474.57,1,-1,-1,-1
352,11,925.31,686.79,646.51,484.86,1,-1,-1,-1
353,11,878.87,692.24,672.04,483.93,1,-1,-1,-1
354,11,788.13,687.31,717.76,498.66,1,-1,-1,-1
355,11,705.22,684.50,762.35,509.39,1,-1,-1,-1
356,11,639.93,686.53,789.35,506.08,1,-1,-1,-1
357,11,547.16,683.93,819.80,505.11,1,-1,-1,-1
358,11,464.69,683.67,852.75,503.00,1,-1,-1,-1
359,11,398.40,689.18,871.88,492.46,1,-1,-1,-1
360,11,289.39,687.98,906.13,491.94,1,-1,-1,-1
361,11,202.50,687.46,936.89,490.89,1,-1,-1,-1
362,11,106.60,684.07,958.68,492.77,1,-1,-1,-1
363,11,49.73,679.93,972.71,494.24,1,-1,-1,-1
364,11,2.03,678.13,970.23,492.22,1,-1,-1,-1
365,11,-36.11,677.19,952.52,487.16,1,-1,-1,-1
366,11,-85.87,674.71,919.63,482.46,1,-1,-1,-1
367,11,-126.93,666.49,897.41,487.04,1,-1,-1,-1
368,11,-161.18,656.26,868.93,492.03,1,-1,-1,-1
369,11,-216.46,636.43,880.66,525.81,1,-1,-1,-1
370,11,-265.77,620.36,858.37,547.03,1,-1,-1,-1
371,11,-324.58,615.02,868.62,553.53,1,-1,-1,-1
451,19,521.03,877.51,970.75,1017.68,1,-1,-1,-1
452,19,668.61,913.28,997.78,992.55,1,-1,-1,-1
453,19,869.44,936.42,977.36,972.23,1,-1,-1,-1
474,22,-358.87,847.89,1742.20,1069.79,1,-1,-1,-1
475,22,17.21,883.39,1777.71,1074.28,1,-1,-1,-1
476,22,278.42,917.47,1777.26,1051.07,1,-1,-1,-1
477,22,292.19,935.55,1953.26,1155.15,1,-1,-1,-1
514,24,504.42,1132.47,795.62,748.52,1,-1,-1,-1
515,24,974.16,1168.40,808.43,727.42,1,-1,-1,-1
516,24,1085.29,1175.27,855.44,733.07,1,-1,-1,-1
517,24,1613.26,1273.93,735.30,620.68,1,-1,-1,-1
518,24,1764.78,1297.09,709.56,592.83,1,-1,-1,-1
519,24,2032.83,1340.55,657.87,549.65,1,-1,-1,-1
619,27,199.91,776.56,1173.79,444.45,1,-1,-1,-1
620,27,-93.83,737.82,1205.41,461.03,1,-1,-1,-1
621,27,-179.86,720.28,1232.28,477.47,1,-1,-1,-1
622,27,-284.31,707.02,1177.50,469.06,1,-1,-1,-1
623,27,-438.00,679.23,1184.63,471.90,1,-1,-1,-1
647,28,426.74,1163.04,1364.87,736.66,1,-1,-1,-1
648,28,1289.02,1274.85,1140.25,619.28,1,-1,-1,-1
649,28,1545.09,1296.09,1081.03,592.13,1,-1,-1,-1
650,28,1866.48,1333.79,1010.38,553.43,1,-1,-1,-1
688,29,1147.95,969.11,1068.43,436.07,1,-1,-1,-1
689,29,1108.43,964.94,1079.67,440.67,1,-1,-1,-1
692,30,-171.50,870.80,984.05,448.81,1,-1,-1,-1
693,30,-210.18,867.94,995.70,454.12,1,-1,-1,-1
820,32,1469.65,915.58,850.56,463.61,1,-1,-1,-1
821,32,1289.11,913.58,848.63,453.79,1,-1,-1,-1
822,32,1177.13,907.64,841.09,449.77,1,-1,-1,-1
823,33,88.10,794.69,1322.67,444.47,1,-1,-1,-1
824,33,-162.63,768.19,1363.92,464.83,1,-1,-1,-1
825,33,-253.71,741.94,1420.27,491.95,1,-1,-1,-1
826,33,-368.41,724.40,1382.78,494.22,1,-1,-1,-1
827,33,-503.20,705.98,1417.07,506.48,1,-1,-1,-1
1194,35,1762.77,991.37,566.18,433.53,1,-1,-1,-1
1195,35,1603.52,969.95,598.47,442.52,1,-1,-1,-1
1196,35,1388.98,949.95,625.32,439.34,1,-1,-1,-1
1197,35,769.52,910.39,642.39,432.95,1,-1,-1,-1
1198,35,292.09,884.83,648.49,424.14,1,-1,-1,-1
1199,35,134.41,883.68,653.98,414.28,1,-1,-1,-1
1200,35,-58.68,798.26,691.93,443.67,1,-1,-1,-1
1201,35,-304.06,771.11,691.10,443.14,1,-1,-1,-1
1247,36,1473.64,904.58,898.03,452.14,1,-1,-1,-1
1248,36,1255.77,901.78,882.89,438.53,1,-1,-1,-1
1249,36,1151.22,900.15,862.45,428.38,1,-1,-1,-1
1249,37,165.76,744.83,1114.00,440.76,1,-1,-1,-1
1250,37,-71.42,723.62,1188.56,473.86,1,-1,-1,-1
1251,37,-170.47,702.63,1266.60,510.82,1,-1,-1,-1
1252,37,-295.88,683.45,1244.68,516.21,1,-1,-1,-1
1253,37,-454.28,666.13,1288.95,534.57,1,-1,-1,-1
1307,40,974.76,913.60,882.31,411.58,1,-1,-1,-1
1308,40,832.89,913.59,859.01,391.37,1,-1,-1,-1
1309,40,341.55,815.51,885.10,399.19,1,-1,-1,-1
1310,40,30.09,779.34,929.63,420.58,1,-1,-1,-1
1311,40,-91.66,751.16,985.53,448.05,1,-1,-1,-1
1312,40,-230.18,729.63,983.67,460.27,1,-1,-1,-1
1313,40,-230.41,783.30,800.24,383.63,1,-1,-1,-1
1314,40,-434.16,763.46,789.68,378.57,1,-1,-1,-1
1374,42,572.01,1148.03,897.60,719.35,1,-1,-1,-1
1375,42,625.61,1155.28,929.29,721.52,1,-1,-1,-1
1376,42,935.13,1164.17,964.03,719.87,1,-1,-1,-1
1377,42,1518.63,1261.94,830.14,611.40,1,-1,-1,-1
1377,44,979.07,868.45,1091.66,471.00,1,-1,-1,-1
1378,42,1700.44,1298.59,796.74,583.23,1,-1,-1,-1
1378,44,353.87,778.72,1000.96,429.97,1,-1,-1,-1
1379,42,1960.92,1334.25,746.85,546.71,1,-1,-1,-1
1379,44,7.18,735.70,1041.81,448.43,1,-1,-1,-1
1380,44,-119.00,723.16,1088.63,473.17,1,-1,-1,-1
1381,44,-259.15,705.22,1079.41,482.15,1,-1,-1,-1
1382,44,-560.70,596.98,1369.44,645.73,1,-1,-1,-1
1383,44,-805.01,556.54,1430.67,674.60,1,-1,-1,-1
1394,45,2145.39,929.08,207.24,470.63,1,-1,-1,-1
1395,45,1984.96,927.36,224.33,454.52,1,-1,-1,-1
1396,45,1895.16,914.84,261.19,457.08,1,-1,-1,-1
1397,45,1466.77,880.86,293.88,446.52,1,-1,-1,-1
1398,45,1289.02,875.76,349.39,443.33,1,-1,-1,-1
1399,45,825.88,804.08,384.26,435.18,1,-1,-1,-1
1400,45,378.11,753.02,439.43,455.45,1,-1,-1,-1
1401,45,199.62,738.04,483.89,470.63,1,-1,-1,-1
1402,45,40.21,722.43,493.03,469.35,1,-1,-1,-1
1403,45,-15.04,712.68,492.71,460.32,1,-1,-1,-1
1404,45,-208.40,599.24,643.16,633.92,1,-1,-1,-1
1405,45,-415.61,565.90,661.73,652.22,1,-1,-1,-1
1423,47,1220.91,863.87,868.18,467.26,1,-1,-1,-1
1424,47,1080.79,869.58,841.68,443.42,1,-1,-1,-1
1425,47,586.37,788.96,856.10,445.91,1,-1,-1,-1
1426,47,273.50,747.63,878.79,453.16,1,-1,-1,-1
1427,47,20.21,724.01,934.76,482.47,1,-1,-1,-1
1428,47,-78.35,702.01,964.85,500.16,1,-1,-1,-1
1429,47,-187.71,688.09,931.37,495.89,1,-1,-1,-1
1430,47,-390.81,662.55,939.47,500.21,1,-1,-1,-1
1442,48,324.14,838.98,629.70,1069.36,1,-1,-1,-1
1443,48,389.58,877.16,623.43,1008.94,1,-1,-1,-1
1444,48,538.53,898.77,648.36,980.47,1,-1,-1,-1
1445,48,650.67,918.56,630.46,953.40,1,-1,-1,-1
1574,51,1771.84,976.36,586.90,465.19,1,-1,-1,-1
1575,51,1577.15,952.98,624.76,483.11,1,-1,-1,-1
1576,51,1395.34,928.17,658.15,485.70,1,-1,-1,-1
1577,51,1040.00,897.03,700.14,492.86,1,-1,-1,-1
1578,51,878.68,876.73,702.49,494.51,1,-1,-1,-1
1580,52,-102.67,834.83,963.34,506.85,1,-1,-1,-1
1581,52,-159.91,833.17,965.69,508.09,1,-1,-1,-1
1857,53,1202.85,896.18,911.36,486.84,1,-1,-1,-1
1858,53,1040.57,889.91,929.19,487.18,1,-1,-1,-1
1859,53,387.52,838.10,987.36,514.88,1,-1,-1,-1
1860,53,59.08,762.22,964.61,501.90,1,-1,-1,-1
1861,53,-73.62,732.25,1012.06,527.84,1,-1,-1,-1
1862,53,-206.46,721.52,968.88,517.72,1,-1,-1,-1
1863,53,-435.72,693.28,980.02,523.67,1,-1,-1,-1
1863,54,1016.38,1046.39,1303.02,865.20,1,-1,-1,-1
1864,54,1392.81,1120.59,1197.20,794.93,1,-1,-1,-1
1927,56,273.47,787.19,967.31,411.49,1,-1,-1,-1
1928,56,-6.22,754.86,1018.55,434.71,1,-1,-1,-1
1929,56,-212.58,737.54,1037.55,450.65,1,-1,-1,-1
1930,56,-279.83,724.11,1061.03,471.61,1,-1,-1,-1
1931,56,-486.64,696.59,1073.88,477.33,1,-1,-1,-1
2040,58,1806.99,894.68,555.95,471.33,1,-1,-1,-1
2041,58,1487.03,878.94,558.63,457.56,1,-1,-1,-1
2042,58,1376.17,880.83,570.93,443.68,1,-1,-1,-1
2043,58,927.17,818.44,569.81,418.98,1,-1,-1,-1
2044,58,473.31,769.61,596.62,417.70,1,-1,-1,-1
2045,58,174.57,740.47,647.37,438.36,1,-1,-1,-1
2046,58,60.06,726.47,705.36,466.02,1,-1,-1,-1
2047,58,-82.68,706.03,714.26,478.29,1,-1,-1,-1
2048,58,-304.08,682.70,716.30,479.66,1,-1,-1,-1
2382,59,159.06,831.65,279.26,754.29,1,-1,-1,-1
2383,59,210.84,838.61,279.52,714.80,1,-1,-1,-1
2384,59,306.54,869.04,290.15,666.62,1,-1,-1,-1
2385,59,353.59,825.86,348.26,715.07,1,-1,-1,-1
2386,59,421.64,816.24,399.58,722.67,1,-1,-1,-1
2387,59,458.79,818.49,453.26,713.78,1,-1,-1,-1
2388,59,484.16,815.81,513.25,710.18,1,-1,-1,-1
2389,59,563.14,806.56,568.10,695.56,1,-1,-1,-1
2390,59,635.79,832.97,561.77,612.66,1,-1,-1,-1
2391,59,762.39,840.71,588.37,576.28,1,-1,-1,-1
2392,59,827.90,839.65,611.44,556.46,1,-1,-1,-1
2393,59,932.04,838.06,642.21,542.76,1,-1,-1,-1
2394,59,1005.56,834.32,653.37,521.95,1,-1,-1,-1
2395,59,1108.17,834.37,645.93,491.32,1,-1,-1,-1
2396,59,1178.20,833.87,642.53,471.16,1,-1,-1,-1
2397,59,1241.28,821.42,621.64,445.67,1,-1,-1,-1
2398,59,1309.20,802.73,624.00,442.85,1,-1,-1,-1
2399,59,1361.46,786.98,613.47,434.67,1,-1,-1,-1
2400,59,1408.83,766.25,608.15,434.26,1,-1,-1,-1
2401,59,1456.67,752.52,585.28,421.62,1,-1,-1,-1
2402,59,1488.08,738.33,569.18,413.11,1,-1,-1,-1
2403,59,1542.25,732.73,527.54,385.82,1,-1,-1,-1
2404,59,1609.04,723.67,505.98,370.05,1,-1,-1,-1
2411,60,1725.87,655.38,271.47,257.86,1,-1,-1,-1
2412,60,1725.66,630.46,269.41,255.74,1,-1,-1,-1
2413,60,1726.34,620.49,259.79,246.10,1,-1,-1,-1
2414,60,1721.63,610.66,253.91,239.67,1,-1,-1,-1
2415,60,1715.43,600.38,245.39,230.06,1,-1,-1,-1
2416,60,1705.46,588.29,241.96,225.25,1,-1,-1,-1
2417,60,1695.07,577.04,237.04,218.76,1,-1,-1,-1
2418,60,1686.73,572.84,223.68,203.15,1,-1,-1,-1
2419,60,1677.61,561.73,212.77,188.95,1,-1,-1,-1
2420,60,1650.96,544.69,222.41,195.23,1,-1,-1,-1
2421,60,1631.94,529.88,229.96,199.93,1,-1,-1,-1
2422,60,1623.42,516.92,220.28,187.31,1,-1,-1,-1
2423,60,1602.38,505.56,224.36,189.78,1,-1,-1,-1
2424,60,1587.51,495.99,226.25,190.77,1,-1,-1,-1
2425,60,1575.15,486.13,225.23,190.01,1,-1,-1,-1
2426,60,1563.41,483.14,213.03,179.22,1,-1,-1,-1
2427,60,1558.80,484.07,199.40,167.25,1,-1,-1,-1
2428,60,1549.47,475.79,194.24,163.02,1,-1,-1,-1
2429,60,1544.74,472.69,185.52,155.37,1,-1,-1,-1
2430,60,1542.59,469.02,176.39,147.23,1,-1,-1,-1
2431,60,1528.85,461.08,170.28,141.92,1,-1,-1,-1
2432,60,1517.89,454.78,167.80,140.27,1,-1,-1,-1
2433,60,1508.52,451.09,164.79,138.46,1,-1,-1,-1
2434,60,1500.14,442.31,161.20,135.85,1,-1,-1,-1
2435,60,1490.40,435.87,155.05,130.31,1,-1,-1,-1
2436,60,1484.19,430.87,149.31,124.93,1,-1,-1,-1
2437,60,1476.47,426.19,146.65,122.44,1,-1,-1,-1
2438,60,1469.15,423.53,143.67,120.06,1,-1,-1,-1
2439,60,1463.85,420.82,140.95,118.24,1,-1,-1,-1
2440,60,1460.64,417.61,137.97,116.20,1,-1,-1,-1
2441,60,1454.01,415.70,131.80,110.18,1,-1,-1,-1
2442,60,1448.00,409.67,128.02,106.56,1,-1,-1,-1
2443,60,1442.72,407.20,123.65,102.00,1,-1,-1,-1
2444,60,1439.54,404.98,118.20,96.63,1,-1,-1,-1
2445,60,1432.81,399.40,118.36,96.24,1,-1,-1,-1
2446,60,1425.30,392.12,121.40,98.84,1,-1,-1,-1
2447,60,1419.51,385.89,122.97,100.62,1,-1,-1,-1
2448,60,1408.75,380.00,125.29,103.57,1,-1,-1,-1
2449,60,1403.91,377.12,120.95,100.52,1,-1,-1,-1
2450,60,1398.47,374.38,118.60,99.04,1,-1,-1,-1
2451,60,1393.53,373.15,115.33,96.36,1,-1,-1,-1
2452,60,1388.01,367.33,114.70,95.87,1,-1,-1,-1
2453,60,1384.52,363.80,113.97,95.44,1,-1,-1,-1
2453,61,1794.90,935.78,576.43,470.15,1,-1,-1,-1
2454,60,1383.53,362.47,106.77,88.21,1,-1,-1,-1
2454,61,1769.17,939.82,562.77,459.00,1,-1,-1,-1
2455,60,1381.94,361.01,103.02,84.35,1,-1,-1,-1
2456,60,1379.93,358.97,101.11,82.43,1,-1,-1,-1
2457,60,1380.22,358.58,97.56,79.49,1,-1,-1,-1
2457,62,238.82,800.00,1153.51,441.85,1,-1,-1,-1
2458,60,1374.21,357.66,92.42,75.77,1,-1,-1,-1
2458,62,60.43,764.64,1216.38,466.21,1,-1,-1,-1
2459,60,1370.11,354.93,89.26,73.18,1,-1,-1,-1
2459,62,-141.39,739.52,1248.98,484.91,1,-1,-1,-1
2460,62,-276.31,720.88,1191.86,475.14,1,-1,-1,-1
2461,62,-461.98,690.10,1210.16,482.44,1,-1,-1,-1
2484,65,167.31,851.25,1066.61,508.69,1,-1,-1,-1
2485,65,20.30,779.41,1031.82,494.41,1,-1,-1,-1
2486,65,-141.74,742.91,1007.25,491.82,1,-1,-1,-1
2487,65,-232.32,713.95,1004.96,490.70,1,-1,-1,-1
2545,68,1438.93,895.24,901.92,471.96,1,-1,-1,-1
2546,68,984.02,868.61,885.66,461.71,1,-1,-1,-1
2547,68,808.20,859.34,905.51,462.20,1,-1,-1,-1
2548,68,349.57,794.40,907.47,459.28,1,-1,-1,-1
2549,68,47.92,762.89,949.18,481.77,1,-1,-1,-1
2550,68,-80.80,737.92,1010.53,516.06,1,-1,-1,-1
2551,68,-220.66,707.15,994.19,523.53,1,-1,-1,-1
2552,68,-249.45,695.94,938.13,509.51,1,-1,-1,-1
2553,68,-453.41,671.85,945.93,513.75,1,-1,-1,-1
2559,69,1965.90,968.10,550.96,436.12,1,-1,-1,-1
2560,69,1834.97,965.91,551.85,427.11,1,-1,-1,-1
2561,69,1500.23,935.56,567.14,419.06,1,-1,-1,-1
2562,69,1253.94,909.91,590.65,419.44,1,-1,-1,-1
2563,69,1129.80,898.89,642.28,424.45,1,-1,-1,-1
2564,69,810.42,886.80,667.98,415.34,1,-1,-1,-1
2565,69,323.49,867.85,694.74,418.41,1,-1,-1,-1
2566,69,130.28,823.71,702.88,411.99,1,-1,-1,-1
2567,69,35.15,783.87,740.49,427.22,1,-1,-1,-1
2568,69,-100.49,753.13,755.23,445.84,1,-1,-1,-1
2569,69,-304.83,682.89,961.30,599.17,1,-1,-1,-1
2570,69,-495.35,654.22,995.13,620.26,1,-1,-1,-1
2593,71,1144.31,922.66,946.90,433.88,1,-1,-1,-1
2594,71,987.87,907.99,960.36,433.56,1,-1,-1,-1
2595,71,646.15,891.59,961.44,426.70,1,-1,-1,-1
2596,71,148.32,866.57,964.39,427.04,1,-1,-1,-1
2597,71,6.93,868.32,939.18,412.46,1,-1,-1,-1
2598,71,-93.50,783.02,981.05,434.15,1,-1,-1,-1
2599,71,-210.42,739.27,962.44,438.58,1,-1,-1,-1
2600,71,-255.40,795.27,771.21,366.17,1,-1,-1,-1
2601,71,-444.49,777.36,751.38,356.75,1,-1,-1,-1
2620,73,1745.69,944.58,605.05,473.84,1,-1,-1,-1
2621,73,1608.27,924.62,620.09,469.62,1,-1,-1,-1
2622,73,1539.13,915.38,615.36,466.04,1,-1,-1,-1
2623,74,404.42,867.91,1123.51,447.36,1,-1,-1,-1
2624,74,1.09,779.01,1147.75,461.02,1,-1,-1,-1
2625,74,-142.91,745.84,1204.67,489.28,1,-1,-1,-1
2626,74,-271.98,724.11,1164.39,485.85,1,-1,-1,-1
2627,74,-452.62,690.97,1183.40,493.78,1,-1,-1,-1
2700,76,14.98,702.43,1002.47,558.53,1,-1,-1,-1
2701,76,-106.79,705.70,924.44,522.47,1,-1,-1,-1
2702,76,-165.89,712.98,871.77,492.71,1,-1,-1,-1
2710,77,1752.76,935.94,606.85,481.30,1,-1,-1,-1
2711,77,1593.16,918.17,621.41,479.25,1,-1,-1,-1
2712,77,1516.63,910.36,614.71,474.07,1,-1,-1,-1
2714,78,96.63,778.79,1055.52,459.10,1,-1,-1,-1
2715,78,-160.31,745.72,1034.23,457.00,1,-1,-1,-1
2716,78,-259.32,718.60,1084.09,488.61,1,-1,-1,-1
2717,78,-439.28,687.04,1101.58,496.49,1,-1,-1,-1
2729,81,1806.84,934.61,530.02,461.57,1,-1,-1,-1
2730,81,1607.28,928.54,563.47,474.13,1,-1,-1,-1
2730,82,1730.51,1320.86,908.55,564.30,1,-1,-1,-1
2731,81,1414.37,918.92,604.14,482.76,1,-1,-1,-1
2731,82,1785.99,1324.90,894.27,555.42,1,-1,-1,-1
2732,81,1298.82,907.54,602.62,481.54,1,-1,-1,-1
2734,83,-11.43,780.70,1059.57,488.69,1,-1,-1,-1
2735,83,-83.20,752.51,1096.28,508.86,1,-1,-1,-1
2736,83,-199.22,739.05,1061.75,503.67,1,-1,-1,-1
2737,83,-567.92,625.65,1496.56,742.19,1,-1,-1,-1
2738,83,-736.01,581.70,1608.18,797.54,1,-1,-1,-1
2875,84,1274.59,276.77,48.49,38.34,1,-1,-1,-1
2876,84,1275.57,277.41,48.31,38.21,1,-1,-1,-1
2877,84,1275.07,276.93,49.65,39.31,1,-1,-1,-1
2878,84,1274.52,276.43,51.95,41.25,1,-1,-1,-1
2879,84,1274.51,276.70,53.30,42.44,1,-1,-1,-1
2880,84,1275.62,278.40,52.82,42.13,1,-1,-1,-1
2881,84,1276.46,279.89,52.54,41.98,1,-1,-1,-1
2882,84,1276.38,280.65,53.57,42.94,1,-1,-1,-1
2883,84,1275.53,280.13,56.04,45.24,1,-1,-1,-1
2884,84,1274.45,279.75,58.10,47.27,1,-1,-1,-1
2885,84,1273.93,280.29,58.40,47.73,1,-1,-1,-1
2886,84,1272.76,280.67,60.20,49.30,1,-1,-1,-1
2887,84,1273.32,281.21,60.62,49.70,1,-1,-1,-1
2888,84,1274.63,281.08,61.31,50.53,1,-1,-1,-1
2889,84,1277.85,281.46,59.52,49.40,1,-1,-1,-1
2890,84,1280.74,282.12,57.60,48.23,1,-1,-1,-1
2891,84,1283.81,282.73,56.65,47.82,1,-1,-1,-1
2892,84,1285.28,283.36,57.25,48.59,1,-1,-1,-1
2893,84,1285.76,283.46,59.32,50.33,1,-1,-1,-1
2894,84,1285.99,283.76,61.05,51.71,1,-1,-1,-1
2895,84,1287.22,284.61,60.02,50.59,1,-1,-1,-1
2896,84,1288.97,286.05,57.72,48.43,1,-1,-1,-1
2897,84,1289.35,286.89,57.06,47.39,1,-1,-1,-1
2898,84,1305.85,289.23,55.22,45.72,1,-1,-1,-1
2899,84,1311.39,290.16,56.12,46.32,1,-1,-1,-1
2900,84,1313.70,290.87,56.12,46.20,1,-1,-1,-1
2901,84,1313.25,299.24,53.23,43.18,1,-1,-1,-1
2902,84,1311.99,301.83,54.88,43.69,1,-1,-1,-1
2903,84,1310.56,302.16,58.50,45.62,1,-1,-1,-1
2904,84,1309.26,301.91,61.29,47.05,1,-1,-1,-1
2905,84,1308.12,302.02,62.59,47.53,1,-1,-1,-1
2906,84,1307.99,303.18,61.69,46.23,1,-1,-1,-1
2907,84,1308.07,304.21,62.62,46.40,1,-1,-1,-1
2908,84,1309.19,305.39,63.62,46.76,1,-1,-1,-1
2909,84,1309.90,305.87,66.00,48.36,1,-1,-1,-1
2910,84,1310.17,307.18,66.82,48.87,1,-1,-1,-1
2911,84,1309.66,308.66,68.44,50.03,1,-1,-1,-1
2912,84,1308.67,309.19,71.42,52.34,1,-1,-1,-1
2913,84,1308.05,308.72,74.68,55.10,1,-1,-1,-1
2914,84,1307.71,308.37,76.33,56.82,1,-1,-1,-1
2915,84,1307.15,308.69,77.59,58.30,1,-1,-1,-1
2916,84,1306.57,309.30,78.63,59.62,1,-1,-1,-1
2917,84,1306.26,310.08,79.18,60.54,1,-1,-1,-1
2918,84,1306.00,310.70,78.63,60.65,1,-1,-1,-1
2919,84,1306.03,311.91,78.05,60.72,1,-1,-1,-1
2920,84,1305.75,312.88,78.17,61.48,1,-1,-1,-1
2921,84,1304.64,314.06,78.47,62.35,1,-1,-1,-1
2922,84,1304.33,314.78,77.93,62.35,1,-1,-1,-1
2923,84,1304.78,315.93,77.28,62.06,1,-1,-1,-1
2924,84,1305.51,317.00,78.23,63.29,1,-1,-1,-1
2925,84,1306.09,318.09,79.28,64.92,1,-1,-1,-1
2926,84,1305.79,319.39,80.48,66.86,1,-1,-1,-1
2927,84,1306.56,321.58,78.66,65.88,1,-1,-1,-1
2928,84,1306.26,324.13,77.65,65.41,1,-1,-1,-1
2929,84,1306.37,326.04,76.62,64.65,1,-1,-1,-1
2930,84,1306.48,327.44,76.49,64.74,1,-1,-1,-1
2931,84,1306.51,328.44,76.41,64.73,1,-1,-1,-1
2932,84,1307.49,329.09,75.55,64.09,1,-1,-1,-1
2933,84,1309.15,337.42,79.64,68.00,1,-1,-1,-1
2934,84,1309.51,341.67,82.16,70.53,1,-1,-1,-1
2935,84,1308.36,342.97,84.87,73.44,1,-1,-1,-1
2936,84,1307.32,342.72,87.89,76.90,1,-1,-1,-1
2937,84,1306.11,343.19,90.49,80.04,1,-1,-1,-1
2938,84,1307.09,347.09,89.04,78.90,1,-1,-1,-1
2939,84,1307.29,350.90,88.53,78.29,1,-1,-1,-1
2940,84,1307.30,353.33,88.93,78.48,1,-1,-1,-1
2941,84,1306.86,354.48,90.75,80.08,1,-1,-1,-1
2942,84,1305.61,354.84,93.96,82.90,1,-1,-1,-1
2943,84,1304.97,355.59,97.44,86.11,1,-1,-1,-1
2944,84,1304.58,356.22,101.09,89.66,1,-1,-1,-1
2945,84,1305.18,357.59,103.33,91.99,1,-1,-1,-1
2946,84,1306.68,358.59,105.18,93.69,1,-1,-1,-1
2947,84,1308.38,360.11,105.70,93.85,1,-1,-1,-1
2948,84,1311.03,361.02,106.73,94.42,1,-1,-1,-1
2949,84,1310.82,360.75,113.68,102.05,1,-1,-1,-1
2950,84,1312.77,361.48,115.78,105.28,1,-1,-1,-1
2951,84,1313.85,361.94,116.42,107.04,1,-1,-1,-1
2952,84,1312.89,365.12,122.38,114.24,1,-1,-1,-1
2953,84,1313.34,367.05,124.06,117.30,1,-1,-1,-1
2954,84,1320.49,374.79,119.18,112.01,1,-1,-1,-1
2955,84,1323.39,379.29,118.39,110.66,1,-1,-1,-1
2956,84,1324.72,382.34,120.50,112.29,1,-1,-1,-1
2957,84,1326.28,384.03,123.34,114.83,1,-1,-1,-1
2958,84,1326.73,384.72,126.93,118.50,1,-1,-1,-1
2959,84,1327.96,386.78,129.34,121.17,1,-1,-1,-1
2960,84,1329.32,389.59,132.42,124.60,1,-1,-1,-1
2961,84,1332.21,392.54,135.01,127.60,1,-1,-1,-1
2962,84,1335.41,395.21,135.57,128.49,1,-1,-1,-1
2963,84,1338.58,395.95,134.79,126.75,1,-1,-1,-1
2964,84,1346.78,408.46,134.97,127.11,1,-1,-1,-1
2965,84,1351.86,413.20,136.30,128.63,1,-1,-1,-1
2966,84,1353.25,413.91,140.23,132.65,1,-1,-1,-1
2967,84,1360.68,420.61,139.81,131.79,1,-1,-1,-1
2968,84,1362.84,423.66,143.18,134.69,1,-1,-1,-1
2969,84,1364.43,425.30,147.43,138.53,1,-1,-1,-1
2970,84,1364.51,425.05,153.75,144.88,1,-1,-1,-1
2971,84,1366.07,426.09,158.92,150.32,1,-1,-1,-1
2972,84,1367.02,427.06,163.45,155.25,1,-1,-1,-1
2973,84,1369.46,428.91,164.50,156.50,1,-1,-1,-1
2974,84,1377.39,444.77,160.61,152.79,1,-1,-1,-1
2975,84,1380.51,451.15,161.75,153.97,1,-1,-1,-1
2976,84,1379.61,451.63,169.94,162.94,1,-1,-1,-1
2977,84,1377.19,450.73,179.43,174.25,1,-1,-1,-1
2978,84,1375.33,449.03,188.49,186.08,1,-1,-1,-1
2979,84,1374.17,448.31,194.38,195.00,1,-1,-1,-1
2980,84,1373.88,448.05,197.99,201.65,1,-1,-1,-1
2981,84,1374.94,449.66,198.38,204.54,1,-1,-1,-1
2982,84,1379.04,451.33,200.88,207.77,1,-1,-1,-1
2983,84,1381.57,453.29,201.46,208.36,1,-1,-1,-1
2984,84,1384.58,456.84,199.32,205.47,1,-1,-1,-1
2985,84,1384.57,464.71,202.94,209.45,1,-1,-1,-1
2986,84,1385.84,469.00,204.27,210.86,1,-1,-1,-1
2987,84,1387.51,472.31,204.93,211.50,1,-1,-1,-1
2988,84,1390.41,476.26,204.94,211.27,1,-1,-1,-1
2988,86,113.55,869.35,1234.78,452.78,1,-1,-1,-1
2989,84,1394.41,480.51,204.52,210.27,1,-1,-1,-1
2989,86,-205.72,773.41,1189.21,443.25,1,-1,-1,-1
2990,84,1397.34,482.39,207.27,212.68,1,-1,-1,-1
2990,86,-307.44,752.06,1184.81,450.89,1,-1,-1,-1
2991,84,1399.36,483.33,211.47,216.95,1,-1,-1,-1
2991,86,-516.24,713.33,1194.48,454.57,1,-1,-1,-1
2991,87,461.78,895.75,1460.16,1008.23,1,-1,-1,-1
2992,84,1400.10,483.62,217.37,223.39,1,-1,-1,-1
2992,87,662.31,895.13,1485.23,1006.76,1,-1,-1,-1
2993,84,1401.80,486.27,220.45,226.41,1,-1,-1,-1
2993,87,1093.65,871.44,778.60,409.39,1,-1,-1,-1
2994,84,1403.43,489.95,229.77,238.10,1,-1,-1,-1
2994,87,1368.03,867.19,467.50,245.81,1,-1,-1,-1
2995,84,1406.57,494.60,234.95,245.06,1,-1,-1,-1
2996,84,1405.38,498.10,241.95,252.87,1,-1,-1,-1
2997,84,1408.46,501.44,244.78,255.51,1,-1,-1,-1
2998,84,1412.60,505.02,247.22,257.04,1,-1,-1,-1
2999,84,1418.23,509.23,249.95,257.84,1,-1,-1,-1
3000,84,1422.93,513.18,254.13,259.50,1,-1,-1,-1
3001,84,1427.12,516.18,259.22,261.62,1,-1,-1,-1
3002,84,1429.55,518.29,264.64,263.68,1,-1,-1,-1
3003,84,1429.66,519.77,270.66,266.56,1,-1,-1,-1
3003,88,1767.93,972.12,566.69,428.93,1,-1,-1,-1
3004,84,1435.77,538.75,266.48,256.95,1,-1,-1,-1
3004,88,1610.15,947.50,596.42,433.28,1,-1,-1,-1
3005,84,1433.57,544.59,274.32,259.83,1,-1,-1,-1
3005,88,1118.13,918.60,597.02,408.07,1,-1,-1,-1
3006,84,1435.93,545.01,292.88,276.57,1,-1,-1,-1
3006,88,497.91,883.04,630.67,414.32,1,-1,-1,-1
3007,84,1435.98,546.27,304.27,286.47,1,-1,-1,-1
3007,88,170.21,810.00,666.66,428.84,1,-1,-1,-1
3008,84,1437.26,550.05,310.36,291.93,1,-1,-1,-1
3008,88,45.18,772.91,721.74,454.51,1,-1,-1,-1
3009,84,1439.12,553.83,313.56,295.17,1,-1,-1,-1
3009,88,-100.43,746.38,718.21,458.70,1,-1,-1,-1
3010,84,1443.22,557.75,314.08,296.06,1,-1,-1,-1
3010,88,-351.29,715.84,722.34,461.33,1,-1,-1,-1
3011,84,1446.98,560.85,314.80,296.84,1,-1,-1,-1
3012,84,1451.15,564.33,315.66,296.94,1,-1,-1,-1
3013,84,1453.63,566.12,318.71,299.33,1,-1,-1,-1
3014,84,1454.62,566.46,323.03,302.83,1,-1,-1,-1
3015,84,1454.30,566.38,328.03,307.63,1,-1,-1,-1
3016,84,1454.92,567.16,331.47,310.53,1,-1,-1,-1
3017,84,1456.27,568.94,333.36,312.27,1,-1,-1,-1
3018,84,1457.66,571.58,334.05,312.51,1,-1,-1,-1
3019,84,1458.38,574.67,333.44,311.42,1,-1,-1,-1
3020,84,1458.15,577.65,333.02,310.23,1,-1,-1,-1
3021,84,1457.65,579.14,333.46,310.05,1,-1,-1,-1
3022,84,1456.52,579.12,335.95,312.09,1,-1,-1,-1
3023,84,1455.61,578.80,338.75,314.54,1,-1,-1,-1
3024,84,1454.71,578.39,341.26,316.67,1,-1,-1,-1
3025,84,1453.76,577.87,343.34,318.56,1,-1,-1,-1
3026,84,1453.18,577.25,344.70,320.00,1,-1,-1,-1
3027,84,1453.29,577.03,344.65,320.16,1,-1,-1,-1
3028,84,1452.60,576.96,344.90,320.59,1,-1,-1,-1
3029,84,1451.83,576.81,345.41,321.27,1,-1,-1,-1
3030,84,1450.86,576.55,346.45,322.59,1,-1,-1,-1
3031,84,1450.67,576.13,346.98,323.52,1,-1,-1,-1
3032,84,1450.59,575.85,347.10,324.08,1,-1,-1,-1
3033,84,1450.64,575.64,346.90,324.28,1,-1,-1,-1
3034,84,1450.29,575.17,347.24,324.87,1,-1,-1,-1
3035,84,1449.92,574.67,347.71,325.48,1,-1,-1,-1
3036,84,1449.37,574.03,348.64,326.45,1,-1,-1,-1
3037,84,1449.16,573.76,348.95,326.83,1,-1,-1,-1
3038,84,1448.95,573.47,349.29,327.26,1,-1,-1,-1
3039,84,1448.85,573.35,349.42,327.51,1,-1,-1,-1
3040,84,1448.91,573.31,349.43,327.67,1,-1,-1,-1
3041,84,1449.02,573.50,349.20,327.56,1,-1,-1,-1
3042,84,1449.04,573.65,349.04,327.49,1,-1,-1,-1
3043,84,1448.79,573.60,349.21,327.78,1,-1,-1,-1
3044,84,1448.54,573.39,349.49,328.19,1,-1,-1,-1
3045,84,1448.17,573.06,350.00,328.91,1,-1,-1,-1
3046,84,1448.05,572.87,350.14,329.34,1,-1,-1,-1
3047,84,1447.83,572.67,350.37,329.89,1,-1,-1,-1
3048,84,1447.62,572.48,350.58,330.45,1,-1,-1,-1
3049,84,1447.47,572.28,350.71,330.91,1,-1,-1,-1
3050,84,1447.49,572.16,350.63,331.18,1,-1,-1,-1
3051,84,1447.92,572.19,349.90,330.70,1,-1,-1,-1
3052,84,1448.75,572.45,348.71,329.66,1,-1,-1,-1
3053,84,1450.18,573.40,346.70,327.62,1,-1,-1,-1
3054,84,1452.09,575.20,343.86,324.56,1,-1,-1,-1
3055,84,1453.54,577.67,341.30,321.60,1,-1,-1,-1
3056,84,1454.67,580.58,339.10,318.83,1,-1,-1,-1
3057,84,1454.59,582.85,338.82,317.89,1,-1,-1,-1
3058,84,1455.29,584.31,339.03,317.57,1,-1,-1,-1
3059,84,1454.60,584.96,341.57,319.82,1,-1,-1,-1
3060,84,1454.17,585.57,344.55,323.01,1,-1,-1,-1
3061,84,1452.90,585.94,348.53,327.61,1,-1,-1,-1
3062,84,1451.79,585.52,352.32,332.46,1,-1,-1,-1
3063,84,1450.99,585.10,354.62,336.19,1,-1,-1,-1
3064,84,1449.96,584.63,355.55,338.91,1,-1,-1,-1
3065,84,1448.33,583.76,356.53,341.97,1,-1,-1,-1
3066,84,1447.65,583.72,356.41,343.81,1,-1,-1,-1
3067,84,1452.24,588.45,346.71,334.91,1,-1,-1,-1
3068,84,1450.64,589.49,345.53,333.73,1,-1,-1,-1
3069,84,1446.82,587.69,349.67,338.26,1,-1,-1,-1
3070,84,1445.11,596.18,356.24,347.62,1,-1,-1,-1
3071,84,1444.28,599.89,361.12,356.46,1,-1,-1,-1
3071,91,-9.17,786.25,1073.14,475.13,1,-1,-1,-1
3072,84,1440.92,601.40,366.04,365.03,1,-1,-1,-1
3072,91,-87.69,750.49,1134.11,505.60,1,-1,-1,-1
3073,84,1436.60,603.93,369.43,372.18,1,-1,-1,-1
3073,91,-204.26,725.59,1103.41,502.02,1,-1,-1,-1
3074,84,1429.85,607.21,373.58,379.65,1,-1,-1,-1
3074,91,-305.78,696.55,1116.32,507.89,1,-1,-1,-1
3075,84,1421.42,609.92,379.23,388.57,1,-1,-1,-1
3076,84,1410.98,611.81,386.53,398.82,1,-1,-1,-1
3077,84,1398.75,612.24,395.30,410.88,1,-1,-1,-1
3078,84,1378.39,618.62,400.33,417.40,1,-1,-1,-1
3079,84,1361.80,623.45,408.34,426.30,1,-1,-1,-1
3080,84,1345.93,630.83,413.22,429.68,1,-1,-1,-1
3081,84,1326.10,657.71,406.84,415.98,1,-1,-1,-1
3082,84,1301.20,664.55,418.51,420.70,1,-1,-1,-1
3083,84,1281.76,677.72,422.63,412.59,1,-1,-1,-1
3084,84,1255.56,684.63,432.38,408.56,1,-1,-1,-1
3085,84,1219.52,686.43,450.03,410.71,1,-1,-1,-1
3086,84,1178.08,684.10,477.96,421.95,1,-1,-1,-1
3087,84,1112.04,679.48,515.20,437.84,1,-1,-1,-1
3088,84,1051.84,672.50,559.79,458.86,1,-1,-1,-1
3089,84,986.66,666.07,606.16,480.92,1,-1,-1,-1
3090,84,920.17,661.38,650.10,500.40,1,-1,-1,-1
3091,84,868.63,661.30,683.24,507.99,1,-1,-1,-1
3092,84,770.99,656.66,732.42,527.57,1,-1,-1,-1
3093,84,688.13,656.01,768.54,534.12,1,-1,-1,-1
3094,84,581.75,658.60,790.71,530.91,1,-1,-1,-1
3095,84,495.66,662.44,821.66,528.62,1,-1,-1,-1
3096,84,419.47,668.53,846.95,520.66,1,-1,-1,-1
3097,84,309.13,666.44,882.02,523.08,1,-1,-1,-1
3098,84,223.84,667.82,911.52,522.91,1,-1,-1,-1
3099,84,159.41,665.52,931.59,521.26,1,-1,-1,-1
3100,84,86.04,662.66,942.25,520.11,1,-1,-1,-1
3101,84,34.77,658.33,930.67,512.10,1,-1,-1,-1
3102,84,-15.58,647.77,921.76,511.70,1,-1,-1,-1
3103,84,-86.86,641.13,906.77,516.39,1,-1,-1,-1
3104,84,-136.63,638.98,890.94,525.36,1,-1,-1,-1
3105,84,-153.47,645.83,845.43,517.74,1,-1,-1,-1
3106,84,-212.60,627.18,864.71,559.46,1,-1,-1,-1
3107,84,-152.80,692.08,629.39,423.21,1,-1,-1,-1
3108,84,-201.21,696.05,617.30,415.07,1,-1,-1,-1
3137,92,449.15,1089.75,1281.49,802.67,1,-1,-1,-1
3138,92,1085.28,1123.25,1232.60,770.75,1,-1,-1,-1
3139,92,1273.43,1134.77,1246.55,778.37,1,-1,-1,-1
3140,92,1528.98,1148.28,1234.35,770.76,1,-1,-1,-1
3166,93,1328.42,963.74,869.39,411.01,1,-1,-1,-1
3167,93,1219.40,955.00,883.99,411.64,1,-1,-1,-1
3168,93,887.09,929.44,904.42,412.76,1,-1,-1,-1
3169,93,359.10,881.10,947.53,429.45,1,-1,-1,-1
3170,93,60.31,822.53,899.45,407.21,1,-1,-1,-1
3171,93,-63.83,789.22,947.67,429.85,1,-1,-1,-1
3172,93,-213.36,758.47,958.38,448.44,1,-1,-1,-1
3173,93,-443.89,727.73,969.57,453.68,1,-1,-1,-1
3180,96,1719.10,896.78,635.48,494.19,1,-1,-1,-1
3181,96,1298.56,865.10,623.67,474.72,1,-1,-1,-1
3182,96,1135.24,862.45,640.11,464.50,1,-1,-1,-1
3183,96,694.75,802.22,629.90,438.38,1,-1,-1,-1
3184,96,254.82,752.34,667.94,450.73,1,-1,-1,-1
3185,96,76.70,732.69,714.75,476.07,1,-1,-1,-1
3186,96,7.39,713.46,736.65,482.27,1,-1,-1,-1
3187,96,-95.49,705.61,712.24,473.52,1,-1,-1,-1
3188,96,-368.42,571.24,981.76,693.15,1,-1,-1,-1
3189,96,-587.72,533.00,1021.51,721.22,1,-1,-1,-1
3206,98,416.66,647.63,1589.74,708.71,1,-1,-1,-1
3207,98,-33.37,584.22,1674.11,750.58,1,-1,-1,-1
3208,98,-169.69,615.13,1399.82,631.54,1,-1,-1,-1
3209,98,-237.47,614.09,1335.89,612.10,1,-1,-1,-1
3210,98,-233.19,625.38,1249.40,582.25,1,-1,-1,-1
3211,98,-443.68,596.23,1263.42,588.79,1,-1,-1,-1
3218,99,406.99,1102.92,987.74,794.92,1,-1,-1,-1
3219,99,729.62,1139.52,972.08,755.95,1,-1,-1,-1
3220,99,1105.33,1151.89,991.68,748.81,1,-1,-1,-1
3221,99,1587.62,1242.46,845.56,636.41,1,-1,-1,-1
3222,99,1884.97,1276.75,794.50,597.98,1,-1,-1,-1
3489,100,450.85,1019.83,768.98,883.73,1,-1,-1,-1
3490,100,525.15,1062.25,763.72,848.47,1,-1,-1,-1
3491,100,1130.52,1099.63,767.15,808.25,1,-1,-1,-1
3492,100,1409.72,1150.86,719.99,758.56,1,-1,-1,-1
3523,103,1782.35,747.00,623.26,323.92,1,-1,-1,-1
3524,103,1751.22,735.81,553.66,286.17,1,-1,-1,-1
3525,103,1691.65,707.92,506.44,261.49,1,-1,-1,-1
3526,103,1662.61,691.65,485.62,249.78,1,-1,-1,-1
3527,103,1608.53,673.67,469.38,240.66,1,-1,-1,-1
3528,103,1580.55,664.96,450.03,229.64,1,-1,-1,-1
3529,103,1538.77,657.41,432.13,219.63,1,-1,-1,-1
3530,103,1506.68,633.99,430.35,220.60,1,-1,-1,-1
3531,103,1487.34,620.93,412.64,212.93,1,-1,-1,-1
3532,103,1463.75,609.98,387.77,200.78,1,-1,-1,-1
3533,103,1453.76,597.93,367.23,191.30,1,-1,-1,-1
3534,103,1443.06,588.44,349.02,183.26,1,-1,-1,-1
3535,103,1434.37,582.69,325.75,173.74,1,-1,-1,-1
3536,103,1426.31,569.04,315.57,170.42,1,-1,-1,-1
3537,103,1409.12,559.77,304.70,167.76,1,-1,-1,-1
3538,103,1395.74,547.57,301.71,169.98,1,-1,-1,-1
3539,103,1385.90,536.71,295.90,171.02,1,-1,-1,-1
3540,103,1382.87,522.64,282.72,167.54,1,-1,-1,-1
3541,103,1376.86,514.48,265.56,160.98,1,-1,-1,-1
3542,103,1375.40,508.06,249.77,154.47,1,-1,-1,-1
3543,103,1372.87,501.89,238.86,150.92,1,-1,-1,-1
3544,103,1370.35,497.35,228.64,147.89,1,-1,-1,-1
3545,103,1373.73,487.63,208.98,138.49,1,-1,-1,-1
3546,103,1369.13,477.64,202.34,137.84,1,-1,-1,-1
3547,103,1372.15,470.91,190.26,132.97,1,-1,-1,-1
3548,103,1376.29,465.90,178.84,128.11,1,-1,-1,-1
3549,103,1383.69,465.81,158.16,115.01,1,-1,-1,-1
3550,103,1387.55,460.44,143.32,104.99,1,-1,-1,-1
3551,103,1386.75,456.70,135.91,100.30,1,-1,-1,-1
3552,103,1382.97,451.46,132.56,98.44,1,-1,-1,-1
3553,103,1377.56,443.04,134.30,100.62,1,-1,-1,-1
3554,103,1373.02,434.04,136.32,103.28,1,-1,-1,-1
3555,103,1370.32,425.29,137.51,105.66,1,-1,-1,-1
3556,103,1371.77,421.40,130.89,101.61,1,-1,-1,-1
3557,103,1373.59,415.33,123.54,96.58,1,-1,-1,-1
3558,103,1377.65,414.83,113.33,88.07,1,-1,-1,-1
3559,103,1379.32,413.89,106.26,82.15,1,-1,-1,-1
3560,103,1370.84,408.10,104.44,81.11,1,-1,-1,-1
3561,103,1366.06,401.05,107.05,83.66,1,-1,-1,-1
3562,103,1362.89,394.66,109.83,86.22,1,-1,-1,-1
3563,103,1358.72,388.89,112.27,88.55,1,-1,-1,-1
3564,103,1354.87,383.66,112.18,88.78,1,-1,-1,-1
3565,103,1352.64,380.24,109.58,87.05,1,-1,-1,-1
3566,103,1354.88,376.74,96.27,75.91,1,-1,-1,-1
3567,103,1354.08,375.04,91.51,71.74,1,-1,-1,-1
3568,103,1352.12,374.19,88.74,68.98,1,-1,-1,-1
3568,105,-17.83,692.02,1026.48,573.93,1,-1,-1,-1
3569,103,1349.19,372.12,89.30,69.14,1,-1,-1,-1
3569,105,-111.08,697.73,947.35,536.90,1,-1,-1,-1
3570,103,1347.20,369.59,89.13,68.69,1,-1,-1,-1
3570,105,-165.18,703.68,902.66,511.57,1,-1,-1,-1
3571,103,1343.39,365.53,91.81,70.74,1,-1,-1,-1
3572,103,1340.94,362.05,91.71,70.87,1,-1,-1,-1
3573,103,1341.64,359.33,87.99,67.83,1,-1,-1,-1
3574,103,1342.48,356.81,84.39,64.97,1,-1,-1,-1
3575,103,1344.25,354.60,80.09,61.21,1,-1,-1,-1
3576,103,1344.61,352.63,79.67,60.44,1,-1,-1,-1
3577,103,1346.02,351.15,77.82,57.92,1,-1,-1,-1
3578,103,1338.88,348.33,73.99,55.61,1,-1,-1,-1
3579,103,1336.88,346.47,71.13,53.76,1,-1,-1,-1
3580,103,1332.23,337.56,68.74,52.53,1,-1,-1,-1
3581,103,1329.83,333.16,68.93,53.17,1,-1,-1,-1
3582,103,1327.06,330.42,69.65,54.29,1,-1,-1,-1
3583,103,1324.84,328.97,68.39,53.59,1,-1,-1,-1
3584,103,1321.24,328.17,67.11,52.48,1,-1,-1,-1
3585,103,1317.74,326.77,67.36,52.47,1,-1,-1,-1
3586,103,1314.73,324.58,68.79,53.42,1,-1,-1,-1
3587,103,1313.43,322.22,70.23,54.58,1,-1,-1,-1
3588,103,1311.75,319.74,70.56,54.80,1,-1,-1,-1
3589,103,1310.68,317.59,70.26,54.63,1,-1,-1,-1
3590,103,1309.31,315.43,70.19,54.49,1,-1,-1,-1
3591,103,1309.54,313.35,70.16,54.46,1,-1,-1,-1
3592,103,1309.40,311.34,70.28,54.73,1,-1,-1,-1
3592,106,263.05,880.43,856.29,1003.76,1,-1,-1,-1
3593,103,1310.42,309.88,69.13,54.20,1,-1,-1,-1
3593,106,595.98,894.43,908.75,1003.57,1,-1,-1,-1
3594,103,1312.44,309.11,64.34,50.79,1,-1,-1,-1
3594,106,1143.55,1058.24,801.77,838.14,1,-1,-1,-1
3595,103,1311.37,306.93,63.53,50.15,1,-1,-1,-1
3595,106,1300.06,1107.86,801.87,794.06,1,-1,-1,-1
3596,106,1555.61,1163.03,746.95,739.67,1,-1,-1,-1
3600,103,1311.65,308.67,51.36,39.37,1,-1,-1,-1
3601,103,1310.89,307.68,52.71,39.30,1,-1,-1,-1
3602,103,1309.94,306.82,54.26,39.41,1,-1,-1,-1
3603,103,1309.59,305.82,52.90,38.42,1,-1,-1,-1
3612,103,1270.15,283.94,59.56,43.20,1,-1,-1,-1
3613,103,1268.79,283.55,58.52,42.35,1,-1,-1,-1
3614,103,1265.75,281.67,58.53,42.36,1,-1,-1,-1
3615,103,1266.13,281.18,62.50,45.11,1,-1,-1,-1
3616,103,1267.29,280.92,60.84,43.85,1,-1,-1,-1
3617,103,1264.89,279.29,61.00,43.97,1,-1,-1,-1
3632,108,1797.04,929.51,552.85,492.81,1,-1,-1,-1
3633,108,1600.63,910.01,579.77,499.65,1,-1,-1,-1
3634,108,1409.59,895.95,612.91,500.93,1,-1,-1,-1
3635,108,909.34,860.74,628.50,490.60,1,-1,-1,-1
3636,108,451.42,772.29,653.93,492.58,1,-1,-1,-1
3637,108,260.23,730.92,737.25,534.89,1,-1,-1,-1
3638,108,21.62,698.56,743.31,539.29,1,-1,-1,-1
3664,109,1753.21,971.88,594.01,419.49,1,-1,-1,-1
3665,109,1301.68,932.77,598.79,409.61,1,-1,-1,-1
3666,109,1161.96,932.51,600.12,391.01,1,-1,-1,-1
3667,109,697.68,897.04,630.30,394.94,1,-1,-1,-1
3668,109,240.95,868.63,675.99,413.29,1,-1,-1,-1
3669,109,96.07,867.94,691.92,414.10,1,-1,-1,-1
3670,109,-79.43,789.17,719.38,436.46,1,-1,-1,-1
3671,109,-324.37,763.19,723.11,438.72,1,-1,-1,-1
3706,111,375.88,1053.51,522.94,852.21,1,-1,-1,-1
3707,111,491.65,1142.76,468.64,763.70,1,-1,-1,-1
3710,112,1201.23,1280.90,1363.12,594.27,1,-1,-1,-1
3711,112,1375.10,1289.52,1363.15,602.22,1,-1,-1,-1
3712,112,1519.61,1305.66,1339.73,591.87,1,-1,-1,-1
3819,113,1493.77,847.94,850.54,518.42,1,-1,-1,-1
3820,113,1284.42,843.06,836.88,500.45,1,-1,-1,-1
3821,113,1176.89,842.01,813.32,486.36,1,-1,-1,-1
3824,114,-130.62,661.74,1251.78,566.11,1,-1,-1,-1
3825,114,-137.78,664.34,1209.11,551.28,1,-1,-1,-1
3826,114,-189.32,654.92,1233.09,562.22,1,-1,-1,-1
3837,115,1777.83,876.24,598.44,551.50,1,-1,-1,-1
3838,115,1476.46,872.37,585.09,519.94,1,-1,-1,-1
3839,115,1352.74,870.65,567.36,504.19,1,-1,-1,-1
3844,116,-108.54,679.55,953.18,554.04,1,-1,-1,-1
3845,116,-148.95,674.69,936.37,544.27,1,-1,-1,-1
3868,117,275.65,787.94,1126.35,423.86,1,-1,-1,-1
3869,117,-82.66,747.77,1206.38,458.55,1,-1,-1,-1
3870,117,-313.29,726.82,1225.97,477.01,1,-1,-1,-1
3871,117,-369.44,715.99,1222.16,489.18,1,-1,-1,-1
3872,117,-585.11,687.60,1236.05,494.74,1,-1,-1,-1
3890,120,399.38,772.10,1122.00,468.14,1,-1,-1,-1
3891,120,-37.84,719.66,1193.55,502.47,1,-1,-1,-1
3892,120,-206.48,684.00,1281.33,545.75,1,-1,-1,-1
3893,120,-333.44,666.62,1226.17,537.04,1,-1,-1,-1
3894,120,-565.84,568.96,1485.83,680.54,1,-1,-1,-1
3895,120,-814.02,520.45,1563.76,716.23,1,-1,-1,-1
